0.000000 1.000000000000000e+00 1.000000000000000e+00 1.000000000000000e+00
0.010000 1.010050501252504e+00 1.010050500000000e+00 1.010050501252083e+00
0.020000 1.020204020080267e+00 1.020204012525000e+00 1.020204020079396e+00
0.030000 1.030463601860551e+00 1.030463582850876e+00 1.030463601859199e+00
0.040000 1.040832322577165e+00 1.040832286858528e+00 1.040832322575303e+00
0.050000 1.051313289128072e+00 1.051313231341456e+00 1.051313289125668e+00
0.060000 1.061909639636079e+00 1.061909554316437e+00 1.061909639633102e+00
0.070000 1.072624543762649e+00 1.072624425337318e+00 1.072624543759067e+00
0.080000 1.083461203024876e+00 1.083461045811958e+00 1.083461203020655e+00
0.090000 1.094422851115631e+00 1.094422649322368e+00 1.094422851110738e+00
0.100000 1.105512754226943e+00 1.105512501948057e+00 1.105512754221344e+00
0.110000 1.116734211376614e+00 1.116733902592635e+00 1.116734211370275e+00
0.120000 1.128090554738127e+00 1.128090183313691e+00 1.128090554731012e+00
0.130000 1.139585149973865e+00 1.139584709655994e+00 1.139585149965939e+00
0.140000 1.151221396571682e+00 1.151220880988036e+00 1.151221396562907e+00
0.150000 1.163002728184849e+00 1.163002130841966e+00 1.163002728175189e+00
0.160000 1.174932612975431e+00 1.174931927256928e+00 1.174932612964847e+00
0.170000 1.187014553961096e+00 1.187013773125860e+00 1.187014553949551e+00
0.180000 1.199252089365431e+00 1.199251206545775e+00 1.199252089352884e+00
0.190000 1.211648792971755e+00 1.211647801171560e+00 1.211648792958167e+00
0.200000 1.224208274480510e+00 1.224207166573334e+00 1.224208274465841e+00
0.210000 1.236934179870230e+00 1.236932948597396e+00 1.236934179854439e+00
0.220000 1.249830191762143e+00 1.249828829730800e+00 1.249830191745187e+00
0.230000 1.262900029788433e+00 1.262898529469595e+00 1.262900029770270e+00
0.240000 1.276147450964214e+00 1.276145804690764e+00 1.276147450944800e+00
0.250000 1.289576250063225e+00 1.289574450027906e+00 1.289576250042515e+00
0.260000 1.303190259997315e+00 1.303188298250687e+00 1.303190259975266e+00
0.270000 1.316993352199742e+00 1.316991220648106e+00 1.316993352176306e+00
0.280000 1.330989437012311e+00 1.330987127415620e+00 1.330989436987442e+00
0.290000 1.345182464076417e+00 1.345179968046147e+00 1.345182464050068e+00
0.300000 1.359576422728009e+00 1.359573731725011e+00 1.359576422700133e+00
0.310000 1.374175342396534e+00 1.374172447728847e+00 1.374175342367080e+00
0.320000 1.388983293007871e+00 1.388980185828522e+00 1.388983292976791e+00
0.330000 1.404004385391341e+00 1.404001056696099e+00 1.404004385358583e+00
0.340000 1.419242771690782e+00 1.419239212315894e+00 1.419242771656294e+00
0.350000 1.434702645779772e+00 1.434698846399669e+00 1.434702645743503e+00
0.360000 1.450388243681022e+00 1.450384194805986e+00 1.450388243642918e+00
0.370000 1.466303843989974e+00 1.466299535963786e+00 1.466303843949981e+00
0.380000 1.482453768302674e+00 1.482449191300222e+00 1.482453768260738e+00
0.390000 1.498842381647929e+00 1.498837525672789e+00 1.498842381603992e+00
0.400000 1.515474092923812e+00 1.515468947805801e+00 1.515474092877818e+00
0.410000 1.532353355338562e+00 1.532347910731249e+00 1.532353355290453e+00
0.420000 1.549484666855902e+00 1.549478912234098e+00 1.549484666805621e+00
0.430000 1.566872570644845e+00 1.566866495302050e+00 1.566872570592330e+00
0.440000 1.584521655534008e+00 1.584515248579836e+00 1.584521655479200e+00
0.450000 1.602436556470506e+00 1.602429806828063e+00 1.602436556413343e+00
0.460000 1.620621954983446e+00 1.620614851386685e+00 1.620621954923863e+00
0.470000 1.639082579652081e+00 1.639075110643122e+00 1.639082579590016e+00
0.480000 1.657823206578681e+00 1.657815360505085e+00 1.657823206514069e+00
0.490000 1.676848659866137e+00 1.676840424878161e+00 1.676848659798913e+00
0.500000 1.696163812100385e+00 1.696155176148187e+00 1.696163812030480e+00
0.510000 1.715773584837659e+00 1.715764535668476e+00 1.715773584765007e+00
0.520000 1.735682949096660e+00 1.735673474251944e+00 1.735682949021190e+00
0.530000 1.755896925855652e+00 1.755887012668176e+00 1.755896925777295e+00
0.540000 1.776420586554577e+00 1.776410222145491e+00 1.776420586473260e+00
0.550000 1.797259053602186e+00 1.797248224878053e+00 1.797259053517839e+00
0.560000 1.818417500888305e+00 1.818406194538078e+00 1.818417500800852e+00
0.570000 1.839901154301207e+00 1.839889356793185e+00 1.839901154210575e+00
0.580000 1.861715292250221e+00 1.861702989828957e+00 1.861715292156334e+00
0.590000 1.883865246193571e+00 1.883852424876738e+00 1.883865246096352e+00
0.600000 1.906356401171528e+00 1.906343046746749e+00 1.906356401070897e+00
0.610000 1.929194196344914e+00 1.929180294366554e+00 1.929194196240791e+00
0.620000 1.952384125539027e+00 1.952369661324938e+00 1.952384125431333e+00
0.630000 1.975931737793030e+00 1.975916696421253e+00 1.975931737681683e+00
0.640000 1.999842637914855e+00 1.999827004220287e+00 1.999842637799770e+00
0.650000 2.024122487041689e+00 2.024106245612701e+00 2.024122486922781e+00
0.660000 2.048777003206094e+00 2.048760138381108e+00 2.048777003083279e+00
0.670000 2.073811961907819e+00 2.073794457771839e+00 2.073811961781007e+00
0.680000 2.099233196691344e+00 2.099215037072446e+00 2.099233196560447e+00
0.690000 2.125046599729248e+00 2.125027768195024e+00 2.125046599594176e+00
0.700000 2.151258122411432e+00 2.151238602265384e+00 2.151258122272091e+00
0.710000 2.177873775940253e+00 2.177853550218151e+00 2.177873775796554e+00
0.720000 2.204899631931664e+00 2.204878683397844e+00 2.204899631783511e+00
0.730000 2.232341823022369e+00 2.232320134165992e+00 2.232341822869666e+00
0.740000 2.260206543483095e+00 2.260184096514360e+00 2.260206543325744e+00
0.750000 2.288500049838025e+00 2.288476826684329e+00 2.288500049675927e+00
0.760000 2.317228661490457e+00 2.317204643792507e+00 2.317228661323512e+00
0.770000 2.346398761354746e+00 2.346373930462621e+00 2.346398761182852e+00
0.780000 2.376016796494604e+00 2.375991133463771e+00 2.376016796317658e+00
0.790000 2.406089278767811e+00 2.406062764355081e+00 2.406089278585707e+00
0.800000 2.436622785477404e+00 2.436595400136850e+00 2.436622785290035e+00
0.810000 2.467623960029416e+00 2.467595683908225e+00 2.467623959836674e+00
0.820000 2.499099512597219e+00 2.499070325531503e+00 2.499099512398994e+00
0.830000 2.531056220792550e+00 2.531026102303095e+00 2.531056220588731e+00
0.840000 2.563500930343276e+00 2.563469859631241e+00 2.563500930133749e+00
0.850000 2.596440555777974e+00 2.596408511720535e+00 2.596440555562624e+00
0.860000 2.629882081117387e+00 2.629849042263326e+00 2.629882080896096e+00
0.870000 2.663832560572832e+00 2.663798505138072e+00 2.663832560345483e+00
0.880000 2.698299119251631e+00 2.698264025114710e+00 2.698299119018104e+00
0.890000 2.733288953869626e+00 2.733252798567113e+00 2.733288953629797e+00
0.900000 2.768809333470850e+00 2.768772094192712e+00 2.768809333224597e+00
0.910000 2.804867600154453e+00 2.804829253739349e+00 2.804867599901647e+00
0.920000 2.841471169808896e+00 2.841431692739429e+00 2.841471169549412e+00
0.930000 2.878627532853566e+00 2.878586901251461e+00 2.878627532587275e+00
0.940000 2.916344254987816e+00 2.916302444609038e+00 2.916344254714586e+00
0.950000 2.954628977947540e+00 2.954585964177359e+00 2.954628977667237e+00
0.960000 2.993489420269354e+00 2.993445178117341e+00 2.993489419981842e+00
0.970000 3.032933378062461e+00 3.032887882157421e+00 3.032933377767601e+00
0.980000 3.072968725788254e+00 3.072921950373102e+00 3.072968725485909e+00
0.990000 3.113603417047790e+00 3.113555335974352e+00 3.113603416737817e+00
1.000000 3.154845485377137e+00 3.154796072100894e+00 3.154845485059394e+00
1.010000 3.196703045050754e+00 3.196652272625508e+00 3.196703044725091e+00
1.020000 3.239184291892897e+00 3.239132132965394e+00 3.239184291559170e+00
1.030000 3.282297504097239e+00 3.282243930901696e+00 3.282297503755299e+00
1.040000 3.326051043054681e+00 3.325996027407259e+00 3.326051042704372e+00
1.050000 3.370453354189494e+00 3.370396867482702e+00 3.370453353830663e+00
1.060000 3.415512967803879e+00 3.415454981000903e+00 3.415512967436367e+00
1.070000 3.461238499930993e+00 3.461178983559962e+00 3.461238499554644e+00
1.080000 3.507638653196574e+00 3.507577577344740e+00 3.507638652811226e+00
1.090000 3.554722217689198e+00 3.554659551997054e+00 3.554722217294687e+00
1.100000 3.602498071839301e+00 3.602433785494625e+00 3.602498071435461e+00
1.110000 3.650975183307031e+00 3.650909245038846e+00 3.650975182893690e+00
1.120000 3.700162609879010e+00 3.700094987951486e+00 3.700162609456000e+00
1.130000 3.750069500374138e+00 3.750000162580399e+00 3.750069499941286e+00
1.140000 3.800705095558472e+00 3.800634009214332e+00 3.800705095115600e+00
1.150000 3.852078729069308e+00 3.852005861006936e+00 3.852078728616238e+00
1.160000 3.904199828348558e+00 3.904125144910056e+00 3.904199827885110e+00
1.170000 3.957077915585504e+00 3.957001382616402e+00 3.957077915111493e+00
1.180000 4.010722608669017e+00 4.010644191511697e+00 4.010722608184257e+00
1.190000 4.065143622149360e+00 4.065063285636390e+00 4.065143621653661e+00
1.200000 4.120350768209647e+00 4.120268476657035e+00 4.120350767702819e+00
1.210000 4.176353957647077e+00 4.176269674847438e+00 4.176353957128923e+00
1.220000 4.233163200864009e+00 4.233076890079655e+00 4.233163200334333e+00
1.230000 4.290788608869026e+00 4.290700232824955e+00 4.290788608327628e+00
1.240000 4.349240394288033e+00 4.349149915164846e+00 4.349240393734710e+00
1.250000 4.408528872385530e+00 4.408436251812253e+00 4.408528871820076e+00
1.260000 4.468664462096154e+00 4.468569661142966e+00 4.468664461518358e+00
1.270000 4.529657687066567e+00 4.529560666237453e+00 4.529657686476222e+00
1.280000 4.591519176707850e+00 4.591419895933139e+00 4.591519176104738e+00
1.290000 4.654259667258433e+00 4.654158085887268e+00 4.654259666642336e+00
1.300000 4.717890002857738e+00 4.717786079650435e+00 4.717890002228436e+00
1.310000 4.782421136630602e+00 4.782314829750922e+00 4.782421135987869e+00
1.320000 4.847864131782595e+00 4.847755398789919e+00 4.847864131126204e+00
1.330000 4.914230162706350e+00 4.914118960547757e+00 4.914230162036071e+00
1.340000 4.981530516099015e+00 4.981416801101262e+00 4.981530515414614e+00
1.350000 5.049776592090928e+00 5.049660319952330e+00 5.049776591392171e+00
1.360000 5.118979905385650e+00 5.118861031167850e+00 5.118979904672293e+00
1.370000 5.189152086411426e+00 5.189030564531087e+00 5.189152085683225e+00
1.380000 5.260304882484252e+00 5.260180666704625e+00 5.260304881740961e+00
1.390000 5.332450158982613e+00 5.332323202405006e+00 5.332450158223981e+00
1.400000 5.405599900534032e+00 5.405470155589176e+00 5.405599899759804e+00
1.410000 5.479766212213539e+00 5.479633630652848e+00 5.479766211423457e+00
1.420000 5.554961320754188e+00 5.554825853640909e+00 5.554961319947992e+00
1.430000 5.631197575769748e+00 5.631059173470001e+00 5.631197574947174e+00
1.440000 5.708487450989669e+00 5.708346063163374e+00 5.708487450150446e+00
1.450000 5.786843545506461e+00 5.786699121098166e+00 5.786843544650319e+00
1.460000 5.866278585035626e+00 5.866131072265202e+00 5.866278584162289e+00
1.470000 5.946805423188231e+00 5.946654769541468e+00 5.946805422297416e+00
1.480000 6.028437042756279e+00 6.028283194975359e+00 6.028437041847702e+00
1.490000 6.111186557011004e+00 6.111029461084862e+00 6.111186556084378e+00
1.500000 6.195067211014203e+00 6.194906812168765e+00 6.195067210069237e+00
1.510000 6.280092382942765e+00 6.279928625631061e+00 6.280092381979163e+00
1.520000 6.366275585426488e+00 6.366108413318653e+00 6.366275584443947e+00
1.530000 6.453630466899352e+00 6.453459822872505e+00 6.453630465897572e+00
1.540000 6.542170812964386e+00 6.541996639092374e+00 6.542170811943057e+00
1.550000 6.631910547772232e+00 6.631732785315252e+00 6.631910546731041e+00
1.560000 6.722863735413572e+00 6.722682324807670e+00 6.722863734352201e+00
1.570000 6.815044581325544e+00 6.814859462171987e+00 6.815044580243673e+00
1.580000 6.908467433712312e+00 6.908278544766816e+00 6.908467432609612e+00
1.590000 7.003146784979879e+00 7.002954064141722e+00 7.003146783856022e+00
1.600000 7.099097273185356e+00 7.098900657486347e+00 7.099097272040009e+00
1.610000 7.196333683500777e+00 7.196133109094085e+00 7.196333682333597e+00
1.620000 7.294870949691614e+00 7.294666351840480e+00 7.294870948502260e+00
1.630000 7.394724155610188e+00 7.394515468676476e+00 7.394724154398312e+00
1.640000 7.495908536704055e+00 7.495695694136675e+00 7.495908535469301e+00
1.650000 7.598439481539559e+00 7.598222415862748e+00 7.598439480281568e+00
1.660000 7.702332533340710e+00 7.702111176142169e+00 7.702332532059120e+00
1.670000 7.807603391543513e+00 7.807377673462398e+00 7.807603390237958e+00
1.680000 7.914267913365936e+00 7.914037764080695e+00 7.914267912036041e+00
1.690000 8.022342115393631e+00 8.022107463609705e+00 8.022342114039017e+00
1.700000 8.131842175181614e+00 8.131602948618983e+00 8.131842173801894e+00
1.710000 8.242784432872025e+00 8.242540558252605e+00 8.242784431466816e+00
1.720000 8.355185392828174e+00 8.354936795863043e+00 8.355185391397082e+00
1.730000 8.469061725284980e+00 8.468808330661467e+00 8.469061723827599e+00
1.740000 8.584430268015989e+00 8.584171999384616e+00 8.584430266531921e+00
1.750000 8.701308028017205e+00 8.701044807978430e+00 8.701308026506041e+00
1.760000 8.819712183207782e+00 8.819443933298613e+00 8.819712181669102e+00
1.770000 8.939660084147819e+00 8.939386724828264e+00 8.939660082581204e+00
1.780000 9.061169255773454e+00 9.060890706412788e+00 9.061169254178475e+00
1.790000 9.184257399149359e+00 9.183973578012237e+00 9.184257397525581e+00
1.800000 9.308942393238853e+00 9.308653217471260e+00 9.308942391585845e+00
1.810000 9.435242296691847e+00 9.434947682306847e+00 9.435242295009157e+00
1.820000 9.563175349650678e+00 9.562875211514031e+00 9.563175347937857e+00
1.830000 9.692759975574173e+00 9.692454227389748e+00 9.692759973830764e+00
1.840000 9.824014783079990e+00 9.823703337375015e+00 9.824014781305534e+00
1.850000 9.956958567805517e+00 9.956641335915634e+00 9.956958565999541e+00
1.860000 1.009161031428742e+01 1.009128720634159e+01 1.009161031244945e+01
1.870000 1.022798919786015e+01 1.022766012276532e+01 1.022798919598971e+01
1.880000 1.036611458657346e+01 1.036577945199911e+01 1.036611458467006e+01
1.890000 1.050600604312925e+01 1.050566475549170e+01 1.050600604119239e+01
1.900000 1.064768332683783e+01 1.064733579128439e+01 1.064768332486701e+01
1.910000 1.079116639559388e+01 1.079081251598680e+01 1.079116639358860e+01
1.920000 1.093647540787227e+01 1.093611508677247e+01 1.093647540583200e+01
1.930000 1.108363072474390e+01 1.108326386339453e+01 1.108363072266813e+01
1.940000 1.123265291191184e+01 1.123227941022165e+01 1.123265290980004e+01
1.950000 1.138356274176790e+01 1.138318249829438e+01 1.138356273961953e+01
1.960000 1.153638119546992e+01 1.153599410740224e+01 1.153638119328444e+01
1.970000 1.169112946503986e+01 1.169073542818163e+01 1.169112946281673e+01
1.980000 1.184782895548306e+01 1.184742786423485e+01 1.184782895322171e+01
1.990000 1.200650128692872e+01 1.200609303427041e+01 1.200650128462859e+01
