0.010000 2.000000000000000e+00
0.015000 2.000000000000000e+00
0.020000 1.980000000000000e+00
0.025000 1.940598000000000e+00
0.030000 1.882960298802000e+00
0.035000 1.808764150017609e+00
0.040000 1.720116709282576e+00
0.045000 1.619455736442517e+00
0.050000 1.509438574407265e+00
0.055000 1.392826436099147e+00
0.060000 1.272370972127742e+00
0.065000 1.150709499953857e+00
0.070000 1.030274234847607e+00
0.075000 9.132194954878290e-01
0.080000 8.013693059030810e-01
0.085000 6.961862289848840e-01
0.090000 5.987607826246626e-01
0.095000 5.098195213926184e-01
0.100000 4.297488954121589e-01
0.105000 3.586313671894210e-01
0.110000 2.962899830951589e-01
0.115000 2.423376327140967e-01
0.120000 1.962275347273718e-01
0.125000 1.573019943472967e-01
0.130000 1.248371095596482e-01
0.135000 9.808178814257146e-02
0.140000 7.629010978535404e-02
0.145000 5.874667613293467e-02
0.150000 4.478510054205162e-02
0.155000 3.380017915844022e-02
0.160000 2.525455065059495e-02
0.165000 1.868080054599832e-02
0.170000 1.368001318767628e-02
0.175000 9.917740556709411e-03
0.180000 7.118265211938556e-03
0.185000 5.057906318923028e-03
0.190000 3.557972541570160e-03
0.195000 2.477819107406895e-03
0.200000 1.708330118550618e-03
0.205000 1.166028572211363e-03
0.210000 7.879193782775040e-04
0.215000 5.270958120974310e-04
0.220000 3.490860902299968e-04
0.225000 2.288815138334749e-04
0.230000 1.485675922142474e-04
0.235000 9.547125845066660e-05
0.240000 6.073742896256677e-05
0.245000 3.825386805915218e-05
0.250000 2.385225818769872e-05
0.255000 1.472376381847639e-05
0.260000 8.997945900281164e-06
0.265000 5.443811861445426e-06
0.270000 3.260603812484470e-06
0.275000 1.933428655812097e-06
0.280000 1.134993736213650e-06
0.285000 6.596202397218023e-07
0.290000 3.795156381048592e-07
0.295000 2.161725638234142e-07
0.300000 1.219008307734233e-07
0.305000 6.805310608165560e-08
0.310000 3.761182730091007e-08
0.315000 2.057956114014712e-08
0.320000 1.114764113956510e-08
0.325000 5.978125729161177e-09
0.330000 3.173820086094247e-09
0.335000 1.668148689289213e-09
0.340000 8.680053608431726e-10
0.345000 4.471417794931602e-10
0.350000 2.280359340941779e-10
0.355000 1.151321252605286e-10
0.360000 5.754729953620516e-11
0.365000 2.847662856610738e-11
0.370000 1.395042334248968e-11
0.375000 6.765834932778738e-12
0.380000 3.248557839546187e-12
0.385000 1.544169619907853e-12
0.390000 7.266655954710261e-13
0.395000 3.385395309072611e-13
0.400000 1.561418684938461e-13
0.405000 7.129589918523853e-14
0.410000 3.222885851672585e-14
0.415000 1.442316233934431e-14
0.420000 6.390152963113121e-15
0.425000 2.802832928863876e-15
0.430000 1.217077861476340e-15
0.435000 5.232084012518339e-16
0.440000 2.226723280467487e-16
0.445000 9.381947213296820e-17
0.450000 3.913406077097394e-17
0.455000 1.616039752550728e-17
0.460000 6.606696535115620e-18
0.465000 2.673941321544392e-18
0.470000 1.071407250435798e-18
0.475000 4.250034778875258e-19
0.480000 1.669035528568538e-19
0.485000 6.488941722019645e-20
0.490000 2.497568224973696e-20
0.495000 9.516911743957226e-21
0.500000 3.590127875357343e-21
0.505000 1.340784523709144e-21
0.510000 4.957277761173429e-22
0.515000 1.814523985264022e-22
0.520000 6.575327179963943e-23
0.525000 2.358887432513539e-23
0.530000 8.377843823290665e-24
0.535000 2.945727019374258e-24
0.540000 1.025387292618524e-24
0.545000 3.533609536860693e-25
0.550000 1.205547648619222e-25
0.555000 4.071790238144655e-26
0.560000 1.361512421745840e-26
0.565000 4.507056617579481e-27
0.570000 1.477065022641448e-27
0.575000 4.792271439136375e-28
0.580000 1.539282735856763e-28
0.585000 4.894750761280620e-29
0.590000 1.540912440085588e-29
0.595000 4.802424374955113e-30
0.600000 1.481761486533470e-30
0.605000 4.526174203345905e-31
0.610000 1.368735155702501e-31
0.615000 4.097724665171596e-32
0.620000 1.214510629611771e-32
0.625000 3.563650142619894e-33
0.630000 1.035199364177141e-33
0.635000 2.977063695643449e-34
0.640000 8.475931756791165e-35
0.645000 2.389032020322661e-35
0.650000 6.666404846474179e-36
0.655000 1.841605456396577e-36
0.660000 5.036591127877808e-37
0.665000 1.363678501293235e-37
0.670000 3.655295452017749e-38
0.675000 9.699920458217933e-39
0.680000 2.548291199699853e-39
0.685000 6.627734923987353e-40
0.690000 1.706539720638573e-40
0.695000 4.350136318067252e-41
0.700000 1.097803285756499e-41
0.705000 2.742719414838212e-42
0.710000 6.783806158416825e-43
0.715000 1.661118723575732e-43
0.720000 4.026828296510831e-44
0.725000 9.664085077391902e-45
0.730000 2.296114663228961e-45
0.735000 5.400843514341955e-46
0.740000 1.257664524433461e-46
0.745000 2.899367203104476e-47
0.750000 6.617239108658503e-48
0.755000 1.495152971328755e-48
0.760000 3.344487855517638e-49
0.765000 7.406428130030461e-50
0.770000 1.623765078986906e-50
0.775000 3.524299237896262e-51
0.780000 7.572818522939163e-52
0.785000 1.610933145717972e-52
0.790000 3.392600174150130e-53
0.795000 7.073315619903403e-54
0.800000 1.459985656358393e-54
0.805000 2.983385231201297e-55
0.810000 6.035389132076153e-56
0.815000 1.208749791300215e-56
0.820000 2.396639662720556e-57
0.825000 4.704400279630505e-58
0.830000 9.141995149244250e-59
0.835000 1.758785597262484e-59
0.840000 3.349808722683183e-60
0.845000 6.316293646633023e-61
0.850000 1.179070599128272e-61
0.855000 2.178976279364515e-62
0.860000 3.986579135505633e-63
0.865000 7.220769322096997e-64
0.870000 1.294797187071538e-64
0.875000 2.298556682890787e-65
0.880000 4.039651343425640e-66
0.885000 7.028582443465366e-67
0.890000 1.210672835232122e-67
0.895000 2.064529282399452e-68
0.900000 3.485382857786608e-69
0.905000 5.825257520552963e-70
0.910000 9.638622297662103e-71
0.915000 1.578883149363130e-71
0.920000 2.560473066724504e-72
0.925000 4.110793192507888e-73
0.930000 6.533806069772473e-74
0.935000 1.028115829734496e-74
0.940000 1.601596261937394e-75
0.945000 2.470013015017105e-76
0.950000 3.771209258508154e-77
0.955000 5.700293477459892e-78
0.960000 8.529999283202203e-79
0.965000 1.263676671710849e-79
0.970000 1.853352961509823e-80
0.975000 2.691011161370848e-81
0.980000 3.868192302709555e-82
0.985000 5.504727288566090e-83
0.990000 7.755302722477348e-84
0.995000 1.081675258241579e-84
1.000000 1.493585991545993e-85
1.005000 2.041732124474426e-86
1.010000 2.763137436203425e-87
1.015000 3.702042552903968e-88
1.020000 4.910384729729281e-89
1.025000 6.447997037012482e-90
1.030000 8.382418363723166e-91
1.035000 1.078820102567362e-91
1.040000 1.374560700230485e-92
1.045000 1.733859929918337e-93
1.050000 2.165206348116608e-94
1.055000 2.676823695235757e-95
1.060000 3.276237967153708e-96
1.065000 3.969778765840370e-97
1.070000 4.762032603136597e-98
1.075000 5.655273578816181e-99
1.080000 6.648904091477425e-100
1.085000 7.738944146827659e-101
1.090000 8.917611553254605e-102
1.095000 1.017303605800863e-102
1.100000 1.148914767136002e-103
1.105000 1.284577271986538e-104
1.110000 1.421896059443679e-105
1.115000 1.558155016029135e-106
1.120000 1.690396824348322e-107
1.125000 1.815523475153595e-108
1.130000 1.930413135509443e-109
1.135000 2.032047492361846e-110
1.140000 2.117642470363270e-111
1.145000 2.184774495995314e-112
1.150000 2.231494347370841e-113
1.155000 2.256421136900304e-114
1.160000 2.258810106115091e-115
1.165000 2.238589588587058e-116
1.170000 2.196364581174000e-117
1.175000 2.133386675275138e-118
1.180000 2.051492433360330e-119
1.185000 1.953014444301802e-120
1.190000 1.840671066609639e-121
1.195000 1.717442124140787e-122
1.200000 1.586438461628066e-123
1.205000 1.450773267747826e-124
1.210000 1.313442465035307e-125
1.215000 1.177220338860909e-126
1.220000 1.044575065515819e-127
1.225000 9.176070623003696e-129
1.230000 7.980112881251380e-130
1.235000 6.870629289130490e-131
1.240000 5.856244398518180e-132
1.245000 4.941707817701319e-133
1.250000 4.128289352147328e-134
1.255000 3.414274147262474e-135
1.260000 2.795515112605989e-136
1.265000 2.266003069367946e-137
1.270000 1.818420579576949e-138
1.275000 1.444652443078894e-139
1.280000 1.136233552175023e-140
1.285000 8.847224288171489e-142
1.290000 6.819957365351849e-143
1.295000 5.204649365804822e-144
1.300000 3.932208052649500e-145
1.305000 2.941146750096442e-146
1.310000 2.177870715100276e-147
1.315000 1.596550611770902e-148
1.320000 1.158693259379445e-149
1.325000 8.325100117958392e-151
1.330000 5.921689670572337e-152
1.335000 4.170009246391022e-153
1.340000 2.907124199599081e-154
1.345000 2.006436174695976e-155
1.350000 1.370952181006568e-156
1.355000 9.273730244933126e-158
1.360000 6.210431925256307e-159
1.365000 4.117412200136265e-160
1.370000 2.702477475893110e-161
1.375000 1.756042463368912e-162
1.380000 1.129648002270328e-163
1.385000 7.194265453691387e-165
1.390000 4.535915680018503e-166
1.395000 2.831253013498980e-167
1.400000 1.749554941054418e-168
1.405000 1.070315175790396e-169
1.410000 6.482327608920046e-171
1.415000 3.886739762084825e-172
1.420000 2.307146355548220e-173
1.425000 1.355813711601212e-174
1.430000 7.887876328191442e-176
1.435000 4.543132032970023e-177
1.440000 2.590513255041544e-178
1.445000 1.462350485763290e-179
1.450000 8.172450959900828e-181
1.455000 4.521560719457177e-182
1.460000 2.476621312951425e-183
1.465000 1.342969158936028e-184
1.470000 7.209541850009226e-186
1.475000 3.831638158461633e-187
1.480000 2.016027754605081e-188
1.485000 1.050131578677072e-189
1.490000 5.415344936177797e-191
1.495000 2.764672709545909e-192
1.500000 1.397322077943143e-193
1.505000 6.991727783683150e-195
1.510000 3.463440218332027e-196
1.515000 1.698502048694516e-197
1.520000 8.246309845939066e-199
1.525000 3.963587201217877e-200
1.530000 1.886046432550759e-201
1.535000 8.884879417306634e-203
1.540000 4.143676957718535e-204
1.545000 1.913178259855456e-205
1.550000 8.745007345936677e-207
1.555000 3.957310384208613e-208
1.560000 1.772863281744341e-209
1.565000 7.862951023544760e-211
1.570000 3.452479355906899e-212
1.575000 1.500761931569789e-213
1.580000 6.458441258111095e-215
1.585000 2.751558923568459e-216
1.590000 1.160553366550662e-217
1.595000 4.846035692801616e-219
1.600000 2.003287568381997e-220
1.605000 8.198514667812130e-222
1.610000 3.321714135354654e-223
1.615000 1.332369019467745e-224
1.620000 5.290807879256064e-226
1.625000 2.079958414682800e-227
1.630000 8.095105387466673e-229
1.635000 3.119073124918400e-230
1.640000 1.189772155642860e-231
1.645000 4.493008494490780e-233
1.650000 1.679754731480682e-234
1.655000 6.217126457200273e-236
1.660000 2.278078701242313e-237
1.665000 8.263859805220980e-239
1.670000 2.967784434079222e-240
1.675000 1.055156695323213e-241
1.680000 3.713956049205178e-243
1.685000 1.294171273385185e-244
1.690000 4.464593737886943e-246
1.695000 1.524780504540088e-247
1.700000 5.155465796636293e-249
1.705000 1.725693581872001e-250
1.710000 5.718664949833759e-252
1.715000 1.876120874555932e-253
1.720000 6.093434868371450e-255
1.725000 1.959290017432098e-256
1.730000 6.236924297675629e-258
1.735000 1.965519759982235e-259
1.740000 6.132245743366133e-261
1.745000 1.894073732374902e-262
1.750000 5.791744654848561e-264
1.755000 1.753303607872645e-265
1.760000 5.254604592102853e-267
1.765000 1.559043202923725e-268
1.770000 4.579430305970660e-270
1.775000 1.331680229838111e-271
1.780000 3.833748730507518e-273
1.785000 1.092653679866541e-274
1.790000 3.083021936412000e-276
1.795000 8.612037090236113e-278
1.800000 2.381608452018301e-279
1.805000 6.520336793375099e-281
1.810000 1.767278073958029e-282
1.815000 4.742146258345886e-284
1.820000 1.259737895934376e-285
1.825000 3.312993917097454e-287
1.830000 8.625738292740493e-289
1.835000 2.223346294231497e-290
1.840000 5.673527170133255e-292
1.845000 1.433290960001026e-293
1.850000 3.584683187853118e-295
1.855000 8.875695428718061e-297
1.860000 2.175650833362534e-298
1.865000 5.279723736420286e-300
1.870000 1.268435517428089e-301
1.875000 3.016899093160311e-303
1.880000 7.103761455054992e-305
1.885000 1.655964982570502e-306
1.890000 3.821634271422349e-308
1.895000 8.731367976767669e-310
1.900000 1.974925215702932e-311
1.905000 4.422361217396930e-313
1.910000 9.803766640815003e-315
1.915000 2.151626638952395e-316
1.920000 4.674938072766126e-318
1.925000 1.005571808980689e-319
1.930000 2.139304246492598e-321
1.935000 4.446590812571219e-323
1.940000 0.000000000000000e+00
1.945000 0.000000000000000e+00
1.950000 0.000000000000000e+00
1.955000 0.000000000000000e+00
1.960000 0.000000000000000e+00
1.965000 0.000000000000000e+00
1.970000 0.000000000000000e+00
1.975000 0.000000000000000e+00
1.980000 0.000000000000000e+00
1.985000 0.000000000000000e+00
1.990000 0.000000000000000e+00
1.995000 0.000000000000000e+00
2.000000 0.000000000000000e+00
2.005000 0.000000000000000e+00
2.010000 0.000000000000000e+00
