0.000000 -1.000000000000000e+00 -1.000000000000000e+00 -1.000000000000000e+00
0.010000 -9.999000004166653e-01 -9.999000008333292e-01 -9.999000004166652e-01
0.020000 -9.996000066665778e-01 -9.996000083331917e-01 -9.996000066665771e-01
0.030000 -9.991000337489876e-01 -9.991000374987126e-01 -9.991000337489859e-01
0.040000 -9.984001066609779e-01 -9.984001133267669e-01 -9.984001066609751e-01
0.050000 -9.975002603949663e-01 -9.975002708094803e-01 -9.975002603949619e-01
0.060000 -9.964005399352042e-01 -9.964005549307298e-01 -9.964005399351978e-01
0.070000 -9.951010002532796e-01 -9.951010206616449e-01 -9.951010002532710e-01
0.080000 -9.936017063026195e-01 -9.936017329551113e-01 -9.936017063026081e-01
0.090000 -9.919027330119943e-01 -9.919027667392755e-01 -9.919027330119801e-01
0.100000 -9.900041652780258e-01 -9.900042069100513e-01 -9.900041652780083e-01
0.110000 -9.879060979566968e-01 -9.879061483226314e-01 -9.879060979566757e-01
0.120000 -9.856086358538663e-01 -9.856086957820008e-01 -9.856086358538412e-01
0.130000 -9.831118937147881e-01 -9.831119640324577e-01 -9.831118937147586e-01
0.140000 -9.804159962126372e-01 -9.804160777461380e-01 -9.804159962126031e-01
0.150000 -9.775210779360423e-01 -9.775211715105488e-01 -9.775210779360032e-01
0.160000 -9.744272833756269e-01 -9.744273898151096e-01 -9.744272833755825e-01
0.170000 -9.711347669095608e-01 -9.711348870367034e-01 -9.711347669095105e-01
0.180000 -9.676436927881215e-01 -9.676438274242393e-01 -9.676436927880652e-01
0.190000 -9.639542351172703e-01 -9.639543850822276e-01 -9.639542351172077e-01
0.200000 -9.600665778412416e-01 -9.600667439533699e-01 -9.600665778411722e-01
0.210000 -9.559809147241483e-01 -9.559810978001640e-01 -9.559809147240718e-01
0.220000 -9.516974493306055e-01 -9.516976501855292e-01 -9.516974493305216e-01
0.230000 -9.472163950053748e-01 -9.472166144524489e-01 -9.472163950052832e-01
0.240000 -9.425379748520295e-01 -9.425382137026372e-01 -9.425379748519299e-01
0.250000 -9.376624217106447e-01 -9.376626807742290e-01 -9.376624217105367e-01
0.260000 -9.325899781345132e-01 -9.325902582184956e-01 -9.325899781343964e-01
0.270000 -9.273208963658905e-01 -9.273211982755907e-01 -9.273208963657645e-01
0.280000 -9.218554383107709e-01 -9.218557628493259e-01 -9.218554383106355e-01
0.290000 -9.161938755126972e-01 -9.161942234809811e-01 -9.161938755125520e-01
0.300000 -9.103364891256059e-01 -9.103368613221502e-01 -9.103364891254508e-01
0.310000 -9.042835698857133e-01 -9.042839671066263e-01 -9.042835698855478e-01
0.320000 -8.980354180824408e-01 -8.980358411213285e-01 -8.980354180822645e-01
0.330000 -8.915923435283869e-01 -8.915927931762736e-01 -8.915923435281995e-01
0.340000 -8.849546655283461e-01 -8.849551425735952e-01 -8.849546655281473e-01
0.350000 -8.781227128473789e-01 -8.781232180756139e-01 -8.781227128471683e-01
0.360000 -8.710968236779347e-01 -8.710973578719612e-01 -8.710968236777121e-01
0.370000 -8.638773456060342e-01 -8.638779095457609e-01 -8.638773456057993e-01
0.380000 -8.564646355765102e-01 -8.564652300388712e-01 -8.564646355762624e-01
0.390000 -8.488590598573129e-01 -8.488596856161905e-01 -8.488590598570521e-01
0.400000 -8.410609940028849e-01 -8.410616518290315e-01 -8.410609940026108e-01
0.410000 -8.330708228166049e-01 -8.330715134775661e-01 -8.330708228163172e-01
0.420000 -8.248889403123081e-01 -8.248896645723461e-01 -8.248889403120063e-01
0.430000 -8.165157496748849e-01 -8.165165082949022e-01 -8.165157496745689e-01
0.440000 -8.079516632199633e-01 -8.079524569574261e-01 -8.079516632196325e-01
0.450000 -7.991971023526767e-01 -7.991979319615400e-01 -7.991971023523311e-01
0.460000 -7.902524975255251e-01 -7.902533637561562e-01 -7.902524975251641e-01
0.470000 -7.811182881953287e-01 -7.811191917944332e-01 -7.811182881949522e-01
0.480000 -7.717949227792840e-01 -7.717958644898305e-01 -7.717949227788916e-01
0.490000 -7.622828586101212e-01 -7.622838391712673e-01 -7.622828586097127e-01
0.500000 -7.525825618903725e-01 -7.525835820373905e-01 -7.525825618899474e-01
0.510000 -7.426945076457511e-01 -7.426955681099550e-01 -7.426945076453092e-01
0.520000 -7.326191796776497e-01 -7.326202811863217e-01 -7.326191796771907e-01
0.530000 -7.223570705147608e-01 -7.223582137910788e-01 -7.223570705142844e-01
0.540000 -7.119086813638238e-01 -7.119098671267889e-01 -7.119086813633299e-01
0.550000 -7.012745220595056e-01 -7.012757510238701e-01 -7.012745220589934e-01
0.560000 -6.904551110134158e-01 -6.904563838896124e-01 -6.904551110128855e-01
0.570000 -6.794509751622684e-01 -6.794522926563381e-01 -6.794509751617195e-01
0.580000 -6.682626499151867e-01 -6.682640127287089e-01 -6.682626499146188e-01
0.590000 -6.568906791001632e-01 -6.568920879301856e-01 -6.568906790995762e-01
0.600000 -6.453356149096779e-01 -6.453370704486465e-01 -6.453356149090715e-01
0.610000 -6.335980178454792e-01 -6.335995207811689e-01 -6.335980178448530e-01
0.620000 -6.216784566625335e-01 -6.216800076779799e-01 -6.216784566618874e-01
0.630000 -6.095775083121515e-01 -6.095791080855820e-01 -6.095775083114849e-01
0.640000 -5.972957578842922e-01 -5.972974070890587e-01 -5.972957578836051e-01
0.650000 -5.848337985490554e-01 -5.848354978535665e-01 -5.848337985483475e-01
0.660000 -5.721922314973646e-01 -5.721939815650191e-01 -5.721922314966356e-01
0.670000 -5.593716658808487e-01 -5.593734673699692e-01 -5.593716658800983e-01
0.680000 -5.463727187509274e-01 -5.463745723146940e-01 -5.463727187501553e-01
0.690000 -5.331960149971060e-01 -5.331979212834919e-01 -5.331960149963120e-01
0.700000 -5.198421872844878e-01 -5.198441469361935e-01 -5.198421872836716e-01
0.710000 -5.063118759905076e-01 -5.063138896448973e-01 -5.063118759896689e-01
0.720000 -4.926057291408944e-01 -4.926077974299323e-01 -4.926057291400329e-01
0.730000 -4.787244023448698e-01 -4.787265258950564e-01 -4.787244023439853e-01
0.740000 -4.646685587295873e-01 -4.646707381618972e-01 -4.646685587286795e-01
0.750000 -4.504388688738202e-01 -4.504411048036398e-01 -4.504388688728889e-01
0.760000 -4.360360107409045e-01 -4.360383037779704e-01 -4.360360107399494e-01
0.770000 -4.214606696109426e-01 -4.214630203592808e-01 -4.214606696099635e-01
0.780000 -4.067135380122767e-01 -4.067159470701420e-01 -4.067135380112732e-01
0.790000 -3.917953156522354e-01 -3.917977836120519e-01 -3.917953156512075e-01
0.800000 -3.767067093471647e-01 -3.767092367954663e-01 -3.767067093461120e-01
0.810000 -3.614484329517463e-01 -3.614510204691179e-01 -3.614484329506686e-01
0.820000 -3.460212072876129e-01 -3.460238554486327e-01 -3.460212072865099e-01
0.830000 -3.304257600712663e-01 -3.304284694444484e-01 -3.304257600701379e-01
0.840000 -3.146628258413073e-01 -3.146655969890443e-01 -3.146628258401531e-01
0.850000 -2.987331458849814e-01 -2.987359793634885e-01 -2.987331458838012e-01
0.860000 -2.826374681640510e-01 -2.826403645233106e-01 -2.826374681628447e-01
0.870000 -2.663765472400003e-01 -2.663795070237067e-01 -2.663765472387676e-01
0.880000 -2.499511441985793e-01 -2.499541679440843e-01 -2.499511441973199e-01
0.890000 -2.333620265736959e-01 -2.333651148119554e-01 -2.333620265724097e-01
0.900000 -2.166099682706635e-01 -2.166131215261838e-01 -2.166099682693502e-01
0.910000 -1.996957494888106e-01 -1.996989682795967e-01 -1.996957494874700e-01
0.920000 -1.826201566434619e-01 -1.826234414809651e-01 -1.826201566420937e-01
0.930000 -1.653839822872972e-01 -1.653873336763644e-01 -1.653839822859014e-01
0.940000 -1.479880250310971e-01 -1.479914434699199e-01 -1.479880250296734e-01
0.950000 -1.304330894638824e-01 -1.304365754439474e-01 -1.304330894624305e-01
0.960000 -1.127199860724556e-01 -1.127235400784956e-01 -1.127199860709754e-01
0.970000 -9.484953116035316e-02 -9.485315367029830e-02 -9.484953115884445e-02
0.980000 -7.682254676621614e-02 -7.682623825114618e-02 -7.682254676467869e-02
0.990000 -5.863986058158643e-02 -5.864362150568371e-02 -5.863986058002002e-02
1.000000 -4.030230586813854e-02 -4.030613668864162e-02 -4.030230586654303e-02
1.010000 -2.181072137435425e-02 -2.181462254151205e-02 -2.181072137272945e-02
1.020000 -3.165951251648425e-03 -3.169923208675145e-03 -3.165951249994050e-03
1.030000 1.563115503004597e-02 1.562711184701470e-02 1.563115503172986e-02
1.040000 3.457974276722287e-02 3.457562792917442e-02 3.457974276893667e-02
1.050000 5.367895210827439e-02 5.367476519336120e-02 5.367895211001812e-02
1.060000 7.292791813947375e-02 7.292365873305623e-02 7.292791814124777e-02
1.070000 9.232577097146727e-02 9.232143866615458e-02 9.232577097327159e-02
1.080000 1.118716358262615e-01 1.118672302219527e-01 1.118716358280962e-01
1.090000 1.315646331247006e-01 1.315601538286249e-01 1.315646331265661e-01
1.100000 1.514038785744242e-01 1.513993252011795e-01 1.514038785763205e-01
1.110000 1.713884832582947e-01 1.713838554298870e-01 1.713884832602220e-01
1.120000 1.915175537232894e-01 1.915128510691697e-01 1.915175537252479e-01
1.130000 2.117901920698442e-01 2.117854142269464e-01 2.117901920718341e-01
1.140000 2.322054960416436e-01 2.322006426544200e-01 2.322054960436648e-01
1.150000 2.527625591158443e-01 2.527576298363020e-01 2.527625591178972e-01
1.160000 2.734604705937285e-01 2.734554650814635e-01 2.734604705958132e-01
1.170000 2.942983156917716e-01 2.942932336140030e-01 2.942983156938880e-01
1.180000 3.152751756331199e-01 3.152700166647238e-01 3.152751756352685e-01
1.190000 3.363901277394688e-01 3.363848915630098e-01 3.363901277416496e-01
1.200000 3.576422455233282e-01 3.576369318290917e-01 3.576422455255412e-01
1.210000 3.790305987806715e-01 3.790252072666948e-01 3.790305987829169e-01
1.220000 4.005542536839549e-01 4.005487840560571e-01 4.005542536862328e-01
1.230000 4.222122728754993e-01 4.222067248473109e-01 4.222122728778099e-01
1.240000 4.440037155612256e-01 4.439980888542171e-01 4.440037155635690e-01
1.250000 4.659276376047333e-01 4.659219319482427e-01 4.659276376071095e-01
1.260000 4.879830916217127e-01 4.879773067529732e-01 4.879830916241219e-01
1.270000 5.101691270746833e-01 5.101632627388493e-01 5.101691270771256e-01
1.280000 5.324847903680465e-01 5.324788463182188e-01 5.324847903705220e-01
1.290000 5.549291249434445e-01 5.549231009406953e-01 5.549291249459531e-01
1.300000 5.775011713754147e-01 5.774950671888116e-01 5.775011713779568e-01
1.310000 6.001999674673324e-01 6.001937828739613e-01 6.001999674699080e-01
1.320000 6.230245483476293e-01 6.230182831326163e-01 6.230245483502383e-01
1.330000 6.459739465662790e-01 6.459676005228129e-01 6.459739465689218e-01
1.340000 6.690471921915427e-01 6.690407651208947e-01 6.690471921942194e-01
1.350000 6.922433129069607e-01 6.922368046185047e-01 6.922433129096711e-01
1.360000 7.155613341085829e-01 7.155547444198146e-01 7.155613341113273e-01
1.370000 7.390002790024294e-01 7.389936077389843e-01 7.390002790052077e-01
1.380000 7.625591687021680e-01 7.625524156978392e-01 7.625591687049804e-01
1.390000 7.862370223270030e-01 7.862301874237574e-01 7.862370223298495e-01
1.400000 8.100328570997615e-01 8.100259401477561e-01 8.100328571026423e-01
1.410000 8.339456884451713e-01 8.339386893027676e-01 8.339456884480863e-01
1.420000 8.579745300883168e-01 8.579674486220955e-01 8.579745300912660e-01
1.430000 8.821183941532658e-01 8.821112302380401e-01 8.821183941562495e-01
1.440000 9.063762912618570e-01 9.063690447806844e-01 9.063762912648751e-01
1.450000 9.307472306326361e-01 9.307399014768307e-01 9.307472306356884e-01
1.460000 9.552302201799332e-01 9.552228082490769e-01 9.552302201830200e-01
1.470000 9.798242666130711e-01 9.798167718150230e-01 9.798242666161924e-01
1.480000 1.004528375535693e+00 1.004520797786599e+00 1.004528375538849e+00
1.490000 1.029341551545202e+00 1.029333890769503e+00 1.029341551548393e+00
1.500000 1.054262798332300e+00 1.054255054462739e+00 1.054262798335525e+00
1.510000 1.079291118780617e+00 1.079283291758247e+00 1.079291118783877e+00
1.520000 1.104425515066424e+00 1.104417604840613e+00 1.104425515069718e+00
1.530000 1.129664988758412e+00 1.129656995286848e+00 1.129664988761741e+00
1.540000 1.155008540917537e+00 1.155000464166233e+00 1.155008540920900e+00
1.550000 1.180455172196910e+00 1.180447012140207e+00 1.180455172200309e+00
1.560000 1.206003882941736e+00 1.205995639562304e+00 1.206003882945168e+00
1.570000 1.231653673289270e+00 1.231645346578113e+00 1.231653673292737e+00
1.580000 1.257403543268811e+00 1.257395133225266e+00 1.257403543272314e+00
1.590000 1.283252492901696e+00 1.283243999533431e+00 1.283252492905233e+00
1.600000 1.309199522301292e+00 1.309190945624310e+00 1.309199522304864e+00
1.610000 1.335243631772991e+00 1.335234971811624e+00 1.335243631776597e+00
1.620000 1.361383821914174e+00 1.361375078701084e+00 1.361383821917815e+00
1.630000 1.387619093714151e+00 1.387610267290325e+00 1.387619093717827e+00
1.640000 1.413948448654065e+00 1.413939539068809e+00 1.413948448657776e+00
1.650000 1.440370888806737e+00 1.440361896117674e+00 1.440370888810482e+00
1.660000 1.466885416936462e+00 1.466876341209526e+00 1.466885416940242e+00
1.670000 1.493491036598732e+00 1.493481877908160e+00 1.493491036602545e+00
1.680000 1.520186752239875e+00 1.520177510668201e+00 1.520186752243723e+00
1.690000 1.546971569296616e+00 1.546962244934662e+00 1.546971569300498e+00
1.700000 1.573844494295528e+00 1.573835087242395e+00 1.573844494299445e+00
1.710000 1.600804534952381e+00 1.600795045315438e+00 1.600804534956332e+00
1.720000 1.627850700271367e+00 1.627841128166243e+00 1.627850700275353e+00
1.730000 1.654982000644201e+00 1.654972346194770e+00 1.654982000648221e+00
1.740000 1.682197447949081e+00 1.682187711287451e+00 1.682197447953135e+00
1.750000 1.709496055649496e+00 1.709486236915998e+00 1.709496055653584e+00
1.760000 1.736876838892884e+00 1.736866938236056e+00 1.736876838897006e+00
1.770000 1.764338814609113e+00 1.764328832185684e+00 1.764338814613269e+00
1.780000 1.791881001608788e+00 1.791870937583665e+00 1.791881001612978e+00
1.790000 1.819502420681368e+00 1.819492275227618e+00 1.819502420685593e+00
1.800000 1.847202094693091e+00 1.847191867991921e+00 1.847202094697349e+00
1.810000 1.874979048684678e+00 1.874968740925424e+00 1.874979048688970e+00
1.820000 1.902832309968838e+00 1.902821921348938e+00 1.902832309973163e+00
1.830000 1.930760908227527e+00 1.930750438952507e+00 1.930760908231886e+00
1.840000 1.958763875608984e+00 1.958753325892435e+00 1.958763875613377e+00
1.850000 1.986840246824517e+00 1.986829616888074e+00 1.986840246828943e+00
1.860000 2.014989059245025e+00 2.014978349318345e+00 2.014989059249484e+00
1.870000 2.043209352997265e+00 2.043198563318005e+00 2.043209353001758e+00
1.880000 2.071500171059837e+00 2.071489301873627e+00 2.071500171064363e+00
1.890000 2.099860559358886e+00 2.099849610919308e+00 2.099860559363445e+00
1.900000 2.128289566863508e+00 2.128278539432069e+00 2.128289566868099e+00
1.910000 2.156786245680849e+00 2.156775139526956e+00 2.156786245685474e+00
1.920000 2.185349651150903e+00 2.185338466551833e+00 2.185349651155559e+00
1.930000 2.213978841940964e+00 2.213967579181841e+00 2.213978841945654e+00
1.940000 2.242672880139772e+00 2.242661539513533e+00 2.242672880144494e+00
1.950000 2.271430831351291e+00 2.271419413158663e+00 2.271430831356045e+00
1.960000 2.300251764788159e+00 2.300240269337623e+00 2.300251764792945e+00
1.970000 2.329134753364757e+00 2.329123180972521e+00 2.329134753369575e+00
1.980000 2.358078873789920e+00 2.358067224779887e+00 2.358078873794771e+00
1.990000 2.387083206659270e+00 2.387071481363003e+00 2.387083206664152e+00
